depth 1 global_beam_size=8 best=(7, 8, 1)
depth 2 global_beam_size=32 best=(7, 8, 1)
depth 3 global_beam_size=32 best=(7, 8, 1)
depth 4 global_beam_size=32 best=(7, 8, 1)
depth 5 global_beam_size=32 best=(0, 0, 16)
level 0: size=1 val3_weight=9 odd_weight=10
level 1: size=1 val3_weight=7 odd_weight=8
level 2: size=1 val3_weight=7 odd_weight=8
level 3: size=1 val3_weight=7 odd_weight=8
level 4: size=1 val3_weight=7 odd_weight=8
level 5: size=16 val3_weight=0 odd_weight=0
final level:
GC print of size : 16
Coefficient type : Z32783
printing graph:
edges: (0,1), (0,2), (0,3), (0,4), (1,2), (1,3), (1,5), (2,4), (2,6), (3,5), (3,7), (4,6), (4,8), (5,7), (5,9), (6,8), (6,10), (7,9), (7,11), (8,10), (8,12), (9,11), (9,13), (10,12), (11,13), (12,13)
grade = 2
Coefficient: 32781

printing graph:
edges: (0,1), (0,2), (0,3), (0,4), (1,2), (1,3), (1,5), (2,4), (2,6), (3,5), (3,7), (4,6), (4,8), (5,7), (5,9), (6,8), (6,10), (7,9), (7,11), (8,10), (8,12), (9,11), (10,13), (11,12), (11,13), (12,13)
grade = 2
Coefficient: 2

printing graph:
edges: (0,1), (0,2), (0,3), (0,4), (1,2), (1,3), (1,5), (2,4), (2,6), (3,5), (3,7), (4,6), (4,8), (5,7), (5,9), (6,8), (6,10), (7,9), (8,11), (9,10), (9,12), (10,12), (10,13), (11,12), (11,13), (12,13)
grade = 2
Coefficient: 32781

printing graph:
edges: (0,1), (0,2), (0,3), (0,4), (1,2), (1,3), (1,5), (2,4), (2,6), (3,5), (3,7), (4,6), (4,8), (5,7), (5,9), (6,8), (6,10), (7,11), (7,12), (8,10), (9,10), (9,11), (9,13), (10,13), (11,12), (12,13)
grade = 2
Coefficient: 32781

printing graph:
edges: (0,1), (0,2), (0,3), (0,4), (1,2), (1,3), (1,5), (2,4), (2,6), (3,5), (3,7), (4,6), (4,8), (5,7), (5,9), (6,10), (6,11), (7,9), (8,10), (8,12), (8,13), (9,12), (10,11), (10,13), (11,13), (12,13)
grade = 2
Coefficient: 32781

printing graph:
edges: (0,1), (0,2), (0,3), (0,4), (1,2), (1,3), (1,5), (2,4), (2,6), (3,5), (3,7), (4,6), (4,8), (5,7), (6,9), (7,8), (7,10), (8,10), (8,11), (9,12), (9,13), (10,11), (10,12), (11,12), (11,13), (12,13)
grade = 2
Coefficient: 2

printing graph:
edges: (0,1), (0,2), (0,3), (0,4), (1,2), (1,3), (1,5), (2,4), (2,6), (3,5), (3,7), (4,6), (4,8), (5,9), (5,10), (6,8), (7,8), (7,9), (7,11), (8,11), (9,10), (9,12), (10,12), (10,13), (11,13), (12,13)
grade = 2
Coefficient: 32781

printing graph:
edges: (0,1), (0,2), (0,3), (0,4), (1,2), (1,3), (1,5), (2,4), (2,6), (3,5), (3,7), (4,6), (4,8), (5,9), (5,10), (6,8), (7,8), (7,9), (7,11), (8,11), (9,10), (9,12), (10,13), (11,12), (11,13), (12,13)
grade = 2
Coefficient: 32781

printing graph:
edges: (0,1), (0,2), (0,3), (0,4), (1,2), (1,3), (1,5), (2,4), (2,6), (3,5), (3,7), (4,6), (4,8), (5,9), (5,10), (6,8), (7,8), (7,11), (7,12), (8,11), (9,10), (9,12), (10,13), (11,12), (11,13), (12,13)
grade = 2
Coefficient: 32781

printing graph:
edges: (0,1), (0,2), (0,3), (0,4), (1,2), (1,3), (1,5), (2,4), (2,6), (3,5), (3,7), (4,6), (4,8), (5,9), (5,10), (6,11), (7,9), (7,12), (7,13), (8,11), (8,12), (9,10), (9,13), (10,13), (11,12), (12,13)
grade = 2
Coefficient: 32781

printing graph:
edges: (0,1), (0,2), (0,3), (0,4), (1,2), (1,3), (1,5), (2,4), (2,6), (3,5), (3,7), (4,8), (4,9), (5,7), (6,8), (6,10), (6,11), (7,10), (8,9), (8,12), (9,12), (9,13), (10,11), (11,12), (11,13), (12,13)
grade = 2
Coefficient: 32781

printing graph:
edges: (0,1), (0,2), (0,3), (0,4), (1,2), (1,3), (1,5), (2,4), (2,6), (3,7), (3,8), (4,6), (5,6), (5,7), (5,9), (6,9), (7,8), (7,10), (8,10), (8,11), (9,12), (9,13), (10,11), (10,12), (11,13), (12,13)
grade = 2
Coefficient: 2

printing graph:
edges: (0,1), (0,2), (0,3), (0,4), (1,2), (1,3), (1,5), (2,4), (2,6), (3,7), (3,8), (4,6), (5,6), (5,7), (5,9), (6,9), (7,8), (7,10), (8,11), (8,12), (9,10), (9,13), (10,11), (10,13), (11,12), (12,13)
grade = 2
Coefficient: 2

printing graph:
edges: (0,1), (0,2), (0,3), (0,4), (1,2), (1,3), (1,5), (2,4), (2,6), (3,7), (3,8), (4,6), (5,6), (5,7), (5,9), (6,9), (7,8), (7,10), (8,11), (9,10), (9,12), (10,12), (10,13), (11,12), (11,13), (12,13)
grade = 2
Coefficient: 2

printing graph:
edges: (0,1), (0,2), (0,3), (0,4), (1,2), (1,3), (1,5), (2,4), (2,6), (3,7), (3,8), (4,6), (5,6), (5,9), (5,10), (6,9), (7,8), (7,10), (7,11), (8,11), (8,12), (9,10), (9,13), (10,13), (11,12), (12,13)
grade = 2
Coefficient: 2

printing graph:
edges: (0,1), (0,2), (0,3), (0,4), (1,2), (1,3), (1,5), (2,4), (2,6), (3,7), (3,8), (4,9), (4,10), (5,7), (5,11), (5,12), (6,9), (6,11), (6,13), (7,8), (7,12), (8,12), (9,10), (10,13), (11,12), (11,13)
grade = 2
Coefficient: 32781

d_contraction size = 0
